BJD	RV	RVerr	RHK	RHKerr	S	Serr	BIS	BISerr	FWHM	FWHMerr	Constrast	Contrasterr
5.722218249587630999e+04	-1.622433333333333394e+01	1.210946156409876129e-01	-4.971866666666666212e+00	7.505553499465134710e-04	1.643883333333333308e-01	1.277888884058390919e-04	-8.792403228881282473e+01	2.421892312819752258e-01	7.784166333333333569e+03	2.421892312819752258e-01	6.006357399999999558e+01	1.891032239277719990e-03
5.722391687116972753e+04	-1.605900000000000105e+01	1.144770759184670639e-01	-4.977199999999999847e+00	6.928203230275508046e-04	1.634793333333333376e-01	1.177803982936983569e-04	-8.667451196514686274e+01	2.289541518369341555e-01	7.783850666666666257e+03	2.289541518369341555e-01	6.006310933333332969e+01	1.787818702423235942e-03
5.723295181496451551e+04	-1.503499999999999837e+01	1.140318969693467771e-01	-4.966400000000000148e+00	6.928203230275508046e-04	1.653316666666666546e-01	1.177794549146836530e-04	-8.859408612021333340e+01	2.280637939386934987e-01	7.787350999999999658e+03	2.280637939386934987e-01	6.003763866666665905e+01	1.779650641940675555e-03
5.723413024166393006e+04	-1.378533333333333211e+01	1.128962269823025472e-01	-4.963966666666666860e+00	6.928203230275508046e-04	1.657549999999999857e-01	1.164326223854618658e-04	-8.896793228870858172e+01	2.257924539646047057e-01	7.785121999999999389e+03	2.257924539646047057e-01	6.003192599999999857e+01	1.762321641185977646e-03
5.723496810407444718e+04	-1.536800000000000033e+01	1.135403416482501787e-01	-4.962133333333333951e+00	6.928203230275508046e-04	1.660736666666666750e-01	1.170099710850888778e-04	-8.791899980019694283e+01	2.270806832965007460e-01	7.787778666666666140e+03	2.270806832965007460e-01	6.001370433333332954e+01	1.771252763944647412e-03
5.723608891514118295e+04	-1.327833333333333421e+01	1.117335735146717801e-01	-4.962766666666666993e+00	6.350852961085883550e-04	1.659633333333333238e-01	1.148927035687355224e-04	-8.727794858385550469e+01	2.234671470293437545e-01	7.787446000000000822e+03	2.234671470293437545e-01	6.000683900000000648e+01	1.742986947961707367e-03
5.723785161063043779e+04	-1.431333333333333258e+01	1.257453510480895653e-01	-4.967633333333332679e+00	7.895146188218008258e-04	1.651186666666666636e-01	1.349127289933920446e-04	-8.721717330202996266e+01	2.514907020961793527e-01	7.787510999999999513e+03	2.514907020961793527e-01	6.003789633333334308e+01	1.962638449529109739e-03
5.723907750609017239e+04	-1.421433333333333415e+01	1.132481641261106065e-01	-4.964033333333333964e+00	6.928203230275508046e-04	1.657440000000000024e-01	1.172021046454940323e-04	-8.686471344388421301e+01	2.264963282522208521e-01	7.785362333333333481e+03	2.264963282522208521e-01	6.003115433333332618e+01	1.767930443039267404e-03
5.723992076011531753e+04	-1.575533333333333452e+01	1.171119484872257116e-01	-4.963466666666666249e+00	6.928203230275508046e-04	1.658373333333333088e-01	1.223991648482764731e-04	-8.711432127572582829e+01	2.342238969744510346e-01	7.786649333333333743e+03	2.342238969744510346e-01	6.004985366666667090e+01	1.828541165568323308e-03
5.724196113980243535e+04	-1.528433333333333444e+01	1.186940062933511814e-01	-4.966233333333333277e+00	6.928203230275508046e-04	1.653576666666666528e-01	1.237457069962429100e-04	-8.790825411516929933e+01	2.373880125867025292e-01	7.790340666666666039e+03	2.373880125867025292e-01	6.005837199999999854e+01	1.852686708941892911e-03
5.725198008409460454e+04	-1.761166666666666458e+01	1.126141649960427787e-01	-4.980000000000000426e+00	6.928203230275508046e-04	1.630100000000000160e-01	1.150854754809079697e-04	-9.010218081969732395e+01	2.252283299920853910e-01	7.781944333333332906e+03	2.252283299920853910e-01	6.006608499999999395e+01	1.760306306998299939e-03
5.725287920852556999e+04	-1.749633333333333596e+01	1.187033074802930493e-01	-4.980566666666666364e+00	7.505553499465134710e-04	1.629086666666666738e-01	1.241312029892385988e-04	-8.986600498266484749e+01	2.374066149605860987e-01	7.782488333333333685e+03	2.374066149605860987e-01	6.008959200000000322e+01	1.856109580203888073e-03
5.725392418441180052e+04	-1.755966666666666853e+01	1.163029598972925432e-01	-4.981833333333333336e+00	7.318166133366715322e-04	1.627013333333333367e-01	1.206671270709448735e-04	-9.036862091368344352e+01	2.326059197945850865e-01	7.781470000000000255e+03	2.326059197945850865e-01	6.009139633333333563e+01	1.818909066760363361e-03
5.725511323002979771e+04	-1.975566666666666649e+01	1.147822435392672064e-01	-4.978733333333333455e+00	6.928203230275508046e-04	1.632186666666666508e-01	1.183577439610757195e-04	-9.227169867428953864e+01	2.295644870785346070e-01	7.782884333333332506e+03	2.295644870785346070e-01	6.008010099999999198e+01	1.794491492786250879e-03
5.725588684520369861e+04	-1.805866666666666731e+01	1.214756647372364634e-01	-4.976233333333333064e+00	7.505553499465134710e-04	1.636413333333333331e-01	1.277871494147809507e-04	-9.171527130711753273e+01	2.429513294744727325e-01	7.783799666666665871e+03	2.429513294744727325e-01	6.009100800000000930e+01	1.899274981350860441e-03
5.725914204134904867e+04	-1.574666666666666792e+01	1.142447898900503661e-01	-4.966899999999999871e+00	6.928203230275508046e-04	1.652406666666666746e-01	1.187420172755485276e-04	-8.864827483502192251e+01	2.284895797801007322e-01	7.788689333333332797e+03	2.284895797801007322e-01	6.004331133333332815e+01	1.783745226204635527e-03
5.726113331115732581e+04	-1.534333333333333371e+01	1.136866052022992984e-01	-4.965399999999999814e+00	6.928203230275508046e-04	1.655029999999999835e-01	1.181646685303559406e-04	-8.714331250296793030e+01	2.273732104045987912e-01	7.788531666666666752e+03	2.273732104045987912e-01	6.002916700000000105e+01	1.774699459659614433e-03
5.726193471214175224e+04	-1.746600000000000108e+01	1.180403728646552547e-01	-4.968166666666667730e+00	6.928203230275508046e-04	1.650289999999999813e-01	1.239381566212224524e-04	-8.724496609100724243e+01	2.360807457293105094e-01	7.786275666666667348e+03	2.360807457293105094e-01	6.005138033333333425e+01	1.843913608816119239e-03
5.726316294601008121e+04	-1.754966666666666697e+01	1.147516400187488239e-01	-4.971266666666667611e+00	6.928203230275508046e-04	1.644906666666666462e-01	1.195124354292147287e-04	-8.871443166028872440e+01	2.295032800374976478e-01	7.784181666666666388e+03	2.295032800374976478e-01	6.004051700000000125e+01	1.792738463164609414e-03
5.726397461389168893e+04	-1.790966666666666640e+01	1.156463594422649926e-01	-4.970666666666666345e+00	6.928203230275508046e-04	1.645933333333333415e-01	1.198976415299502098e-04	-8.947709968144924630e+01	2.312927188845298188e-01	7.784088999999999942e+03	2.312927188845298188e-01	6.004771966666666572e+01	1.806974166634551680e-03
5.726505711788827466e+04	-1.715433333333333010e+01	1.147627258065252870e-01	-4.972500000000000142e+00	6.928203230275508046e-04	1.642786666666666839e-01	1.187420172755485276e-04	-8.870636918215917888e+01	2.295254516130509348e-01	7.784663666666667268e+03	2.295254516130509348e-01	6.004243400000000719e+01	1.792895923429873662e-03
5.726613164115887048e+04	-1.832600000000000406e+01	1.153437622782741007e-01	-4.972900000000000098e+00	6.928203230275508046e-04	1.642043333333333133e-01	1.200888559914421494e-04	-8.867723702331151969e+01	2.306875245565482013e-01	7.783370333333332383e+03	2.306875245565482013e-01	6.004739366666666456e+01	1.802450476877479925e-03
5.726691520497083548e+04	-1.628233333333333732e+01	1.224799963164756450e-01	-4.973200000000000287e+00	7.505553499465134710e-04	1.641613333333333258e-01	1.299046658985820383e-04	-8.930375044522952521e+01	2.449599926329510680e-01	7.782985000000000582e+03	2.449599926329510680e-01	6.007281733333334017e+01	1.914890058894929336e-03
5.726786173013692314e+04	-1.769933333333333181e+01	1.243958102421445361e-01	-4.972966666666667201e+00	7.895146188218008258e-04	1.642030000000000156e-01	1.335656309751044265e-04	-8.995977183119053677e+01	2.487916204842890722e-01	7.783306000000000495e+03	2.487916204842890722e-01	6.007863933333333506e+01	1.944964122764244715e-03
5.726899904854912165e+04	-1.755566666666666720e+01	1.131740470270490989e-01	-4.972733333333333228e+00	6.928203230275508046e-04	1.642380000000000229e-01	1.166247543763043981e-04	-8.938459795327499080e+01	2.263480940540980590e-01	7.784077000000000226e+03	2.263480940540980590e-01	6.004945466666666221e+01	1.768490787572449263e-03
5.727003197692429239e+04	-1.880266666666666708e+01	1.147574183494910888e-01	-4.974666666666666792e+00	6.928203230275508046e-04	1.639136666666666520e-01	1.187420172755485276e-04	-8.891352581691675994e+01	2.295148366989823441e-01	7.783458333333333030e+03	2.295148366989823441e-01	6.005728566666666524e+01	1.793629071269685175e-03
5.727108115630353859e+04	-1.828000000000000114e+01	1.149902583494899627e-01	-4.974666666666666792e+00	6.928203230275508046e-04	1.639066666666666727e-01	1.189341554530629080e-04	-8.968446235743681427e+01	2.299805166989797589e-01	7.783240666666665675e+03	2.299805166989797589e-01	6.005955700000000519e+01	1.797402818824122899e-03
5.727293564436733868e+04	-1.959433333333333138e+01	1.203904857808393153e-01	-4.979299999999999393e+00	7.505553499465134710e-04	1.631240000000000190e-01	1.266324515192601620e-04	-9.014573974151754499e+01	2.407809715616784640e-01	7.782636999999999716e+03	2.407809715616784640e-01	6.007683533333332804e+01	1.882529161903238402e-03
5.727404854122327379e+04	-1.900000000000000000e+01	1.177361051596291786e-01	-4.977733333333334009e+00	7.125852775477316053e-04	1.633853333333333546e-01	1.230578003306666594e-04	-9.038972985910173463e+01	2.354722103192583293e-01	7.782228333333332557e+03	2.354722103192583293e-01	6.008007966666666988e+01	1.841272360827175348e-03
5.727512443259388965e+04	-1.906566666666666876e+01	1.155446412533316369e-01	-4.977866666666666440e+00	6.928203230275508046e-04	1.633659999999999834e-01	1.200888559914421494e-04	-9.081503402112626588e+01	2.310892825066630796e-01	7.781953666666667232e+03	2.310892825066630796e-01	6.007881300000000380e+01	1.806999776741138528e-03
5.727799895966020995e+04	-1.886666666666666714e+01	1.157507897267749941e-01	-4.977899999999999991e+00	6.928203230275508046e-04	1.633663333333333079e-01	1.197042652168714996e-04	-8.956632859921525380e+01	2.315015794535501825e-01	7.784229666666666162e+03	2.315015794535501825e-01	6.007687433333332905e+01	1.809644265459003530e-03
5.727914781264035992e+04	-1.828799999999999670e+01	1.177406001100617799e-01	-4.979600000000000470e+00	7.505553499465134710e-04	1.630686666666666673e-01	1.233608077506340237e-04	-8.980005652952978323e+01	2.354812002201237542e-01	7.784254000000000815e+03	2.354812002201237542e-01	6.008020666666666898e+01	1.840855157588987615e-03
5.728009598712627485e+04	-1.814566666666666706e+01	1.159931739251796740e-01	-4.978466666666666818e+00	6.928203230275508046e-04	1.632633333333333436e-01	1.206662062606317972e-04	-9.089032414923906344e+01	2.319863478503593479e-01	7.784615333333334092e+03	2.319863478503593479e-01	6.008248100000000136e+01	1.813520739471996329e-03
5.728094982365499891e+04	-1.664700000000000202e+01	1.180662053130835387e-01	-4.978066666666666862e+00	7.505553499465134710e-04	1.633306666666666518e-01	1.233626091379933984e-04	-9.156490763085942319e+01	2.361324106261674383e-01	7.782575333333334129e+03	2.361324106261674383e-01	6.010073766666666728e+01	1.846990888470775643e-03
5.728206901844918320e+04	-1.598033333333333417e+01	1.153638861599073362e-01	-4.971966666666665979e+00	6.928203230275508046e-04	1.643710000000000171e-01	1.200888559914421494e-04	-9.152368446744657149e+01	2.307277723198144503e-01	7.786948333333333721e+03	2.307277723198144503e-01	6.007885600000000181e+01	1.803023547004506530e-03
5.728313381301489426e+04	-1.601800000000000068e+01	1.164341884594571191e-01	-4.971633333333333127e+00	6.928203230275508046e-04	1.644306666666666417e-01	1.216287612185356287e-04	-9.116616748975786777e+01	2.328683769189144603e-01	7.784640999999999622e+03	2.328683769189144603e-01	6.007356166666667008e+01	1.820145210199632666e-03
5.729290288893938850e+04	-1.507166666666666544e+01	1.234987753962108886e-01	-4.964933333333333643e+00	7.505553499465134710e-04	1.655853333333333344e-01	1.324076197874494661e-04	-8.645900799654441471e+01	2.469975507924217772e-01	7.790250333333333401e+03	2.469975507924217772e-01	6.004572399999999988e+01	1.928206546086428698e-03
5.729399593177351926e+04	-1.606766666666666765e+01	1.175551550757973351e-01	-4.962366666666667037e+00	6.928203230275508046e-04	1.660346666666666637e-01	1.235529576065799143e-04	-8.619698072593378413e+01	2.351103101515944760e-01	7.791229000000000269e+03	2.351103101515944760e-01	6.003782000000000352e+01	1.834917637091805021e-03
5.729486595496555674e+04	-1.607266666666666666e+01	1.266749106604015407e-01	-4.965900000000000425e+00	8.082903768654760290e-04	1.654193333333333349e-01	1.383767000297055397e-04	-8.724794055649788049e+01	2.533498213208029148e-01	7.787795999999999367e+03	2.533498213208029148e-01	6.007669733333333539e+01	1.979431964174543403e-03
5.730110538716134761e+04	-1.983699999999999974e+01	1.318744231656448218e-01	-4.984333333333332838e+00	8.660254037844385870e-04	1.622846666666666604e-01	1.427997821349100735e-04	-9.077110119574116709e+01	2.637488463312896436e-01	7.783461999999999534e+03	2.637488463312896436e-01	6.010887800000000425e+01	2.062848954419404558e-03
5.730200421928437572e+04	-1.886733333333333107e+01	1.130486679481327722e-01	-4.983100000000000307e+00	6.928203230275508046e-04	1.624869999999999925e-01	1.166247543763043981e-04	-9.106814316584730307e+01	2.260973358962653501e-01	7.782693333333333612e+03	2.260973358962653501e-01	6.007800933333333404e+01	1.767621001168410673e-03
5.730292134819882631e+04	-1.876766666666666694e+01	1.196303628725233631e-01	-4.986033333333334205e+00	7.505553499465134710e-04	1.619986666666666519e-01	1.258632414788192109e-04	-9.237456257589497000e+01	2.392607257450469482e-01	7.781049333333333379e+03	2.392607257450469482e-01	6.009694700000000012e+01	1.871508747598156800e-03
5.730411825520274579e+04	-2.010533333333333061e+01	1.147737647343207018e-01	-4.986833333333333229e+00	7.318166133366715322e-04	1.618716666666666637e-01	1.193193660354894219e-04	-9.108165456888031031e+01	2.295475294686412093e-01	7.782019666666667035e+03	2.295475294686412093e-01	6.007570366666666217e+01	1.794642874382939256e-03
5.730694149808207294e+04	-1.852466666666667194e+01	1.169693251530112138e-01	-4.982033333333333758e+00	7.505553499465134710e-04	1.626683333333333314e-01	1.222079284571086306e-04	-9.125737721273925729e+01	2.339386503060224276e-01	7.779855666666666366e+03	2.339386503060224276e-01	6.011288200000000614e+01	1.830566719939881416e-03
5.730803354676790332e+04	-1.891366666666666774e+01	1.129395858717136547e-01	-4.981599999999999362e+00	6.928203230275508046e-04	1.627406666666666724e-01	1.170099710850888778e-04	-9.136245695542852729e+01	2.258791717434268931e-01	7.781459999999999127e+03	2.258791717434268931e-01	6.009466866666667073e+01	1.766567244480756957e-03
5.732195510678999563e+04	-1.619399999999999906e+01	1.124719999239470608e-01	-4.966866666666667207e+00	6.928203230275508046e-04	1.652489999999999792e-01	1.160474041071147909e-04	-8.439615293495023707e+01	2.249439998478941216e-01	7.784260999999999513e+03	2.249439998478941216e-01	6.005531066666666362e+01	1.757110409341375995e-03
5.732393824093314470e+04	-1.612300000000000111e+01	1.137890008145371196e-01	-4.973500000000000476e+00	6.928203230275508046e-04	1.641080000000000039e-01	1.175882647205919095e-04	-8.676823573615006069e+01	2.275780016290738228e-01	7.781420333333334383e+03	2.275780016290738228e-01	6.009058066666667486e+01	1.779344368665117292e-03
5.732503690046801057e+04	-1.886533333333333573e+01	1.112249220963068413e-01	-4.974699999999999456e+00	6.928203230275508046e-04	1.639056666666666440e-01	1.137380030303562810e-04	-8.858001279433163688e+01	2.224498441926131276e-01	7.783413000000000466e+03	2.224498441926131276e-01	6.007679366666667420e+01	1.738364209005939130e-03
5.732602413406591950e+04	-1.937233333333333007e+01	1.107006084648808203e-01	-4.975166666666666515e+00	6.928203230275508046e-04	1.638256666666666750e-01	1.131606527611666468e-04	-8.978204852587772677e+01	2.214012169297621957e-01	7.784126999999999498e+03	2.214012169297621957e-01	6.007573966666666365e+01	1.729951577715964015e-03
5.732791467010226188e+04	-1.657900000000000063e+01	1.175730089868885359e-01	-4.976066666666667082e+00	7.125852775477316053e-04	1.636690000000000089e-01	1.229873525566303402e-04	-9.034963630804367085e+01	2.351460179737770995e-01	7.783092666666667355e+03	2.351460179737770995e-01	6.011225133333332593e+01	1.838660282112243062e-03
